taska: 0.5314762756623221
taskb: 0.2985231466957243
