taska: 0.6426793551125866
taskb: 0.6252796317248402
